1308
   0.00000	    0.10703
   0.00138	    0.10703
   0.00221	    0.10703
   0.00305	    0.10703
   0.00445	    0.10703
   0.00585	    0.10703
   0.00725	    0.10703
   0.00865	    0.10703
   0.01197	    0.10703
   0.01528	    0.10703
   0.01859	    0.10703
   0.02190	    0.10703
   0.02877	    0.10703
   0.03563	    0.10703
   0.04250	    0.10703
   0.04936	    0.10703
   0.06746	    0.10703
   0.08557	    0.10703
   0.10367	    0.10703
   0.12178	    0.10703
   0.17763	    0.10703
   0.23348	    0.10703
   0.28933	    0.10703
   0.34518	    0.10703
   0.45592	    0.10703
   0.56666	    0.10703
   0.67740	    0.10703
   0.78814	    0.10703
   0.89889	    0.10703
   1.02748	    0.10703
   1.15608	    0.10703
   1.28468	    0.10703
   1.41327	    0.10703
   1.54187	    0.10703
   1.64804	    0.10703
   1.75421	    0.10703
   1.84204	    0.10704
   1.92986	    0.10704
   2.01769	    0.10704
   2.08705	    0.10704
   2.15641	    0.10704
   2.22577	    0.10704
   2.28201	    0.10704
   2.33825	    0.10704
   2.39448	    0.10704
   2.43808	    0.10704
   2.48168	    0.10704
   2.52528	    0.10704
   2.55947	    0.10704
   2.59365	    0.10705
   2.62783	    0.10705
   2.65615	    0.10705
   2.68448	    0.10705
   2.71280	    0.10705
   2.74112	    0.10705
   2.76396	    0.10705
   2.78679	    0.10705
   2.80962	    0.10705
   2.83246	    0.10705
   2.85529	    0.10705
   2.87812	    0.10705
   2.90096	    0.10706
   2.92379	    0.10706
   2.94167	    0.10706
   2.95955	    0.10706
   2.97328	    0.10706
   2.98446	    0.10706
   2.99565	    0.10706
   2.99886	    0.10706
   3.00208	    0.10706
   3.00529	    0.10706
   3.00851	    0.10706
   3.01172	    0.10706
   3.01494	    0.10706
   3.02026	    0.10706
   3.02558	    0.10707
   3.03091	    0.10707
   3.03623	    0.10707
   3.04155	    0.10707
   3.04931	    0.10707
   3.05574	    0.10707
   3.06107	    0.10707
   3.06640	    0.10707
   3.07172	    0.10707
   3.07614	    0.10707
   3.08056	    0.10707
   3.08498	    0.10708
   3.08939	    0.10708
   3.09381	    0.10708
   3.09823	    0.10708
   3.10264	    0.10708
   3.10706	    0.10708
   3.11148	    0.10708
   3.11590	    0.10709
   3.12049	    0.10709
   3.12509	    0.10709
   3.12969	    0.10709
   3.13325	    0.10709
   3.13682	    0.10709
   3.14038	    0.10710
   3.14302	    0.10710
   3.14518	    0.10710
   3.14733	    0.10710
   3.14949	    0.10710
   3.15164	    0.10710
   3.15380	    0.10710
   3.15895	    0.10710
   3.16410	    0.10711
   3.16925	    0.10711
   3.17440	    0.10711
   3.17955	    0.10712
   3.18470	    0.10712
   3.19171	    0.10713
   3.19872	    0.10713
   3.20573	    0.10714
   3.21274	    0.10714
   3.21975	    0.10715
   3.22676	    0.10715
   3.23376	    0.10716
   3.24461	    0.10717
   3.25546	    0.10718
   3.26631	    0.10719
   3.27716	    0.10719
   3.28801	    0.10720
   3.29886	    0.10721
   3.30970	    0.10722
   3.32350	    0.10724
   3.33729	    0.10725
   3.35109	    0.10726
   3.36488	    0.10727
   3.37867	    0.10728
   3.39247	    0.10730
   3.40626	    0.10731
   3.42435	    0.10732
   3.44244	    0.10734
   3.46053	    0.10735
   3.47862	    0.10737
   3.49670	    0.10739
   3.51479	    0.10740
   3.53288	    0.10742
   3.55167	    0.10743
   3.57045	    0.10745
   3.58924	    0.10747
   3.60803	    0.10748
   3.62681	    0.10750
   3.64560	    0.10752
   3.66439	    0.10753
   3.68975	    0.10756
   3.71511	    0.10758
   3.74047	    0.10760
   3.76583	    0.10762
   3.79120	    0.10764
   3.81656	    0.10767
   3.84192	    0.10769
   3.87923	    0.10772
   3.91654	    0.10775
   3.95385	    0.10778
   3.99116	    0.10782
   4.02846	    0.10785
   4.06577	    0.10788
   4.10308	    0.10791
   4.14534	    0.10795
   4.18759	    0.10798
   4.22985	    0.10802
   4.27210	    0.10805
   4.31435	    0.10809
   4.35661	    0.10812
   4.39886	    0.10815
   4.45115	    0.10820
   4.50345	    0.10824
   4.55574	    0.10828
   4.60803	    0.10832
   4.66033	    0.10836
   4.71262	    0.10840
   4.76491	    0.10844
   4.83711	    0.10850
   4.90930	    0.10855
   4.98149	    0.10861
   4.99510	    0.10862
   4.99849	    0.10862
   4.99955	    0.10862
   4.99995	    0.10862
   5.00036	    0.10862
   5.00068	    0.10862
   5.00101	    0.10862
   5.00133	    0.10862
   5.00165	    0.10862
   5.00198	    0.10863
   5.00230	    0.10863
   5.00293	    0.10863
   5.00357	    0.10863
   5.00420	    0.10863
   5.00483	    0.10863
   5.00546	    0.10863
   5.00867	    0.10863
   5.01188	    0.10863
   5.01509	    0.10863
   5.01830	    0.10864
   5.03475	    0.10865
   5.05120	    0.10866
   5.06764	    0.10868
   5.08409	    0.10869
   5.12289	    0.10872
   5.16169	    0.10876
   5.20048	    0.10879
   5.23928	    0.10883
   5.32849	    0.10891
   5.41770	    0.10900
   5.50691	    0.10909
   5.59612	    0.10918
   5.68533	    0.10928
   5.79285	    0.10940
   5.90036	    0.10952
   6.00787	    0.10965
   6.11538	    0.10978
   6.22290	    0.10991
   6.33041	    0.11005
   6.50244	    0.11027
   6.67448	    0.11051
   6.84651	    0.11075
   7.01855	    0.11099
   7.19058	    0.11124
   7.36261	    0.11149
   7.58389	    0.11183
   7.80516	    0.11216
   8.02643	    0.11251
   8.24771	    0.11285
   8.46898	    0.11320
   8.69025	    0.11355
   8.98303	    0.11402
   9.27580	    0.11448
   9.56858	    0.11495
   9.86135	    0.11541
  10.15412	    0.11588
  10.44690	    0.11634
  10.80948	    0.11692
  11.17206	    0.11750
  11.53464	    0.11807
  11.89722	    0.11865
  12.25980	    0.11923
  12.62238	    0.11982
  13.09257	    0.12059
  13.56275	    0.12138
  14.03294	    0.12218
  14.50312	    0.12301
  14.97330	    0.12386
  15.44349	    0.12474
  16.04833	    0.12594
  16.65318	    0.12720
  17.25802	    0.12854
  17.86287	    0.12998
  18.46771	    0.13154
  19.07256	    0.13324
  19.84574	    0.13565
  20.61891	    0.13839
  21.39209	    0.14155
  22.03003	    0.14456
  22.66796	    0.14803
  23.30590	    0.15209
  23.80335	    0.15577
  24.30081	    0.16003
  24.79827	    0.16501
  25.19267	    0.16961
  25.58707	    0.17493
  25.98147	    0.18115
  26.30918	    0.18716
  26.63689	    0.19412
  26.96459	    0.20226
  27.29230	    0.21185
  27.62001	    0.22324
  27.87113	    0.23345
  28.12224	    0.24519
  28.31872	    0.25562
  28.51520	    0.26727
  28.71169	    0.28027
  28.90817	    0.29474
  29.10465	    0.31078
  29.30113	    0.32847
  29.49761	    0.34782
  29.65461	    0.36447
  29.81160	    0.38213
  29.96859	    0.40073
  30.12559	    0.42017
  30.28258	    0.44036
  30.43958	    0.46117
  30.62036	    0.48572
  30.80115	    0.51069
  30.98194	    0.53589
  31.16273	    0.56110
  31.34352	    0.58614
  31.52431	    0.61085
  31.70509	    0.63507
  31.88588	    0.65869
  32.06667	    0.68158
  32.25945	    0.70510
  32.45224	    0.72760
  32.64502	    0.74902
  32.83780	    0.76930
  33.03058	    0.78843
  33.22336	    0.80637
  33.45085	    0.82602
  33.67834	    0.84405
  33.90582	    0.86050
  34.13331	    0.87543
  34.36080	    0.88890
  34.58828	    0.90100
  34.87403	    0.91438
  35.15977	    0.92591
  35.44552	    0.93576
  35.73126	    0.94410
  36.01700	    0.95111
  36.30275	    0.95693
  36.65183	    0.96263
  37.00090	    0.96700
  37.34998	    0.97025
  37.69905	    0.97254
  38.04813	    0.97404
  38.39721	    0.97486
  38.74628	    0.97513
  39.22865	    0.97474
  39.71102	    0.97367
  40.19340	    0.97206
  40.67577	    0.97005
  41.15814	    0.96773
  41.64051	    0.96518
  42.12288	    0.96247
  42.65638	    0.95933
  43.18988	    0.95611
  43.72337	    0.95283
  44.25687	    0.94952
  44.79037	    0.94622
  45.32387	    0.94294
  45.85736	    0.93969
  46.64252	    0.93499
  47.42768	    0.93039
  48.21284	    0.92592
  48.99800	    0.92156
  49.78315	    0.91734
  50.56831	    0.91324
  51.56831	    0.90818
  52.56831	    0.90331
  53.56831	    0.89859
  54.56831	    0.89402
  55.56831	    0.88957
  56.56831	    0.88524
  57.56831	    0.88100
  58.56831	    0.87684
  59.56831	    0.87275
  60.56831	    0.86871
  61.56831	    0.86471
  62.56831	    0.86075
  63.56831	    0.85680
  64.56831	    0.85287
  65.56831	    0.84894
  66.56831	    0.84501
  67.56831	    0.84107
  68.56831	    0.83712
  69.56831	    0.83315
  70.56831	    0.82917
  71.56831	    0.82516
  72.56831	    0.82112
  73.56831	    0.81706
  74.56831	    0.81297
  75.56831	    0.80884
  76.56831	    0.80469
  77.56831	    0.80051
  78.56831	    0.79630
  79.56831	    0.79206
  80.56831	    0.78778
  81.56831	    0.78348
  82.56831	    0.77915
  83.56831	    0.77480
  84.56831	    0.77041
  85.56831	    0.76601
  86.56831	    0.76158
  87.56831	    0.75713
  88.56831	    0.75265
  89.56831	    0.74817
  90.56831	    0.74366
  91.56831	    0.73914
  92.56831	    0.73461
  93.56831	    0.73006
  94.56831	    0.72551
  95.56831	    0.72095
  96.56831	    0.71638
  97.56831	    0.71181
  98.56831	    0.70723
  99.56831	    0.70266
 100.56831	    0.69808
 101.56831	    0.69351
 102.56831	    0.68894
 103.56831	    0.68438
 104.56831	    0.67983
 105.56831	    0.67528
 106.56831	    0.67074
 107.56831	    0.66622
 108.56831	    0.66171
 109.56831	    0.65721
 110.56831	    0.65272
 111.56831	    0.64825
 112.56831	    0.64380
 113.56831	    0.63937
 114.56831	    0.63496
 115.56831	    0.63057
 116.56831	    0.62619
 117.56831	    0.62185
 118.56831	    0.61752
 119.56831	    0.61322
 120.56831	    0.60894
 121.56831	    0.60469
 122.56831	    0.60046
 123.56831	    0.59626
 124.56831	    0.59208
 125.56831	    0.58794
 126.56831	    0.58382
 127.56831	    0.57973
 128.56831	    0.57566
 129.56831	    0.57163
 130.56831	    0.56763
 131.56831	    0.56365
 132.56831	    0.55971
 133.56831	    0.55580
 134.56831	    0.55191
 135.56831	    0.54806
 136.56831	    0.54424
 137.56831	    0.54045
 138.56831	    0.53669
 139.56831	    0.53296
 140.56831	    0.52926
 141.56831	    0.52559
 142.56831	    0.52196
 143.56831	    0.51835
 144.56831	    0.51478
 145.56831	    0.51124
 146.56831	    0.50773
 147.56831	    0.50425
 148.56831	    0.50080
 149.56831	    0.49738
 150.56831	    0.49399
 151.56831	    0.49063
 152.56831	    0.48731
 153.56831	    0.48401
 154.56831	    0.48074
 155.56831	    0.47751
 156.56831	    0.47430
 157.56831	    0.47112
 158.56831	    0.46797
 159.56831	    0.46486
 160.56831	    0.46177
 161.56831	    0.45870
 162.56831	    0.45567
 163.56831	    0.45267
 164.56831	    0.44969
 165.56831	    0.44674
 166.56831	    0.44382
 167.56831	    0.44093
 168.56831	    0.43806
 169.56831	    0.43522
 170.56831	    0.43240
 171.56831	    0.42962
 172.56831	    0.42685
 173.56831	    0.42412
 174.56831	    0.42140
 175.56831	    0.41872
 176.56831	    0.41606
 177.56831	    0.41342
 178.56831	    0.41081
 179.56831	    0.40822
 180.56831	    0.40565
 181.56831	    0.40311
 182.56831	    0.40059
 183.56831	    0.39809
 184.56831	    0.39562
 185.56831	    0.39316
 186.56831	    0.39073
 187.56831	    0.38832
 188.56831	    0.38594
 189.56831	    0.38357
 190.56831	    0.38122
 191.56831	    0.37890
 192.56831	    0.37659
 193.56831	    0.37430
 194.56831	    0.37204
 195.56831	    0.36979
 196.56831	    0.36756
 197.56831	    0.36535
 198.56831	    0.36316
 199.56831	    0.36099
 200.56831	    0.35884
 201.56831	    0.35670
 202.56831	    0.35458
 203.56831	    0.35248
 204.56831	    0.35040
 205.56831	    0.34834
 206.56831	    0.34629
 207.56831	    0.34425
 208.56831	    0.34224
 209.56831	    0.34024
 210.56831	    0.33826
 211.56831	    0.33629
 212.56831	    0.33435
 213.56831	    0.33241
 214.56831	    0.33050
 215.56831	    0.32859
 216.56831	    0.32671
 217.56831	    0.32484
 218.56831	    0.32299
 219.56831	    0.32115
 220.56831	    0.31932
 221.56831	    0.31751
 222.56831	    0.31572
 223.56831	    0.31394
 224.56831	    0.31218
 225.56831	    0.31043
 226.56831	    0.30869
 227.56831	    0.30697
 228.56831	    0.30526
 229.56831	    0.30357
 230.56831	    0.30189
 231.56831	    0.30022
 232.56831	    0.29857
 233.56831	    0.29693
 234.56831	    0.29531
 235.56831	    0.29369
 236.56831	    0.29209
 237.56831	    0.29050
 238.56831	    0.28893
 239.56831	    0.28737
 240.56831	    0.28582
 241.56831	    0.28428
 242.56831	    0.28276
 243.56831	    0.28124
 244.56831	    0.27974
 245.56831	    0.27825
 246.56831	    0.27678
 247.56831	    0.27532
 248.56831	    0.27386
 249.56831	    0.27243
 250.56831	    0.27100
 251.56831	    0.26958
 252.56831	    0.26818
 253.56831	    0.26679
 254.38106	    0.26567
 255.19380	    0.26456
 256.00654	    0.26345
 256.81929	    0.26235
 257.63203	    0.26126
 258.44478	    0.26018
 259.25752	    0.25910
 259.87166	    0.25830
 260.48580	    0.25749
 261.09994	    0.25669
 261.71408	    0.25590
 262.32822	    0.25511
 262.94236	    0.25432
 263.55848	    0.25354
 264.17460	    0.25276
 264.79072	    0.25199
 265.40684	    0.25122
 266.02296	    0.25045
 266.63908	    0.24969
 267.25520	    0.24893
 267.87132	    0.24818
 268.56791	    0.24734
 269.24045	    0.24653
 269.91299	    0.24572
 270.58553	    0.24492
 271.25808	    0.24413
 271.93062	    0.24334
 272.60316	    0.24256
 273.34419	    0.24171
 274.08522	    0.24086
 274.82625	    0.24002
 275.56728	    0.23919
 276.30831	    0.23836
 277.04934	    0.23754
 277.79611	    0.23672
 278.54287	    0.23591
 279.28963	    0.23511
 280.03639	    0.23431
 280.78315	    0.23351
 281.52992	    0.23273
 282.52344	    0.23169
 283.51696	    0.23067
 284.51048	    0.22965
 285.50400	    0.22865
 286.49752	    0.22766
 287.49104	    0.22667
 288.49104	    0.22570
 289.49104	    0.22473
 290.49104	    0.22377
 291.49104	    0.22282
 292.49104	    0.22188
 293.49104	    0.22095
 294.49104	    0.22003
 295.49104	    0.21912
 296.49104	    0.21822
 297.49104	    0.21733
 298.49104	    0.21644
 299.49104	    0.21557
 300.49104	    0.21470
 301.49104	    0.21384
 302.49104	    0.21299
 303.49104	    0.21215
 304.49104	    0.21132
 305.49104	    0.21049
 306.49104	    0.20968
 307.49104	    0.20887
 308.49104	    0.20807
 309.49104	    0.20727
 310.49104	    0.20649
 311.49104	    0.20571
 312.49104	    0.20494
 313.49104	    0.20417
 314.49104	    0.20342
 315.49104	    0.20267
 316.49104	    0.20193
 317.49104	    0.20119
 318.49104	    0.20046
 319.49104	    0.19974
 320.49104	    0.19903
 321.49104	    0.19832
 322.49104	    0.19762
 323.49104	    0.19692
 324.49104	    0.19623
 325.49104	    0.19555
 326.49104	    0.19487
 327.49104	    0.19420
 328.49104	    0.19354
 329.49104	    0.19288
 330.49104	    0.19223
 331.49104	    0.19158
 332.49104	    0.19094
 333.49104	    0.19031
 334.49104	    0.18968
 335.49104	    0.18906
 336.49104	    0.18844
 337.49104	    0.18783
 338.49104	    0.18722
 339.49104	    0.18662
 340.49104	    0.18603
 341.49104	    0.18544
 342.49104	    0.18485
 343.49104	    0.18427
 344.49104	    0.18370
 345.49104	    0.18313
 346.49104	    0.18256
 347.49104	    0.18200
 348.49104	    0.18145
 349.49104	    0.18090
 350.49104	    0.18035
 351.49104	    0.17981
 352.49104	    0.17927
 353.49104	    0.17874
 354.49104	    0.17822
 355.49104	    0.17769
 356.49104	    0.17718
 357.49104	    0.17666
 358.49104	    0.17615
 359.49104	    0.17565
 360.49104	    0.17515
 361.49104	    0.17465
 362.49104	    0.17416
 363.49104	    0.17367
 364.49104	    0.17319
 365.49104	    0.17271
 366.49104	    0.17223
 367.49104	    0.17176
 368.49104	    0.17130
 369.49104	    0.17083
 370.49104	    0.17037
 371.49104	    0.16992
 372.49104	    0.16946
 373.49104	    0.16902
 374.49104	    0.16857
 375.49104	    0.16813
 376.49104	    0.16769
 377.49104	    0.16726
 378.49104	    0.16683
 379.49104	    0.16640
 380.49104	    0.16598
 381.49104	    0.16556
 382.49104	    0.16514
 383.49104	    0.16473
 384.49104	    0.16432
 385.49104	    0.16391
 386.49104	    0.16351
 387.49104	    0.16311
 388.49104	    0.16271
 389.49104	    0.16232
 390.49104	    0.16193
 391.49104	    0.16154
 392.49104	    0.16116
 393.49104	    0.16078
 394.49104	    0.16040
 395.49104	    0.16002
 396.49104	    0.15965
 397.49104	    0.15928
 398.49104	    0.15892
 399.49104	    0.15855
 400.49104	    0.15819
 401.49104	    0.15783
 402.49104	    0.15748
 403.49104	    0.15713
 404.49104	    0.15678
 405.49104	    0.15643
 406.49104	    0.15609
 407.49104	    0.15575
 408.49104	    0.15541
 409.49104	    0.15507
 410.49104	    0.15474
 411.49104	    0.15441
 412.49104	    0.15408
 413.49104	    0.15375
 414.49104	    0.15343
 415.49104	    0.15311
 416.49104	    0.15279
 417.49104	    0.15248
 418.49104	    0.15216
 419.49104	    0.15185
 420.49104	    0.15154
 421.49104	    0.15124
 422.49104	    0.15093
 423.49104	    0.15063
 424.49104	    0.15033
 425.49104	    0.15004
 426.49104	    0.14974
 427.49104	    0.14945
 428.49104	    0.14916
 429.49104	    0.14887
 430.49104	    0.14859
 431.49104	    0.14830
 432.49104	    0.14802
 433.49104	    0.14774
 434.49104	    0.14746
 435.49104	    0.14719
 436.49104	    0.14691
 437.49104	    0.14664
 438.49104	    0.14637
 439.49104	    0.14611
 440.49104	    0.14584
 441.49104	    0.14558
 442.49104	    0.14532
 443.49104	    0.14506
 444.49104	    0.14480
 445.49104	    0.14454
 446.49104	    0.14429
 447.49104	    0.14404
 448.49104	    0.14379
 449.49104	    0.14354
 450.49104	    0.14329
 451.49104	    0.14305
 452.49104	    0.14281
 453.49104	    0.14257
 454.49104	    0.14233
 455.49104	    0.14209
 456.49104	    0.14185
 457.49104	    0.14162
 458.49104	    0.14139
 459.49104	    0.14116
 460.49104	    0.14093
 461.49104	    0.14070
 462.49104	    0.14047
 463.49104	    0.14025
 464.49104	    0.14003
 465.49104	    0.13981
 466.49104	    0.13959
 467.49104	    0.13937
 468.49104	    0.13915
 469.49104	    0.13894
 470.49104	    0.13872
 471.49104	    0.13851
 472.49104	    0.13830
 473.49104	    0.13809
 474.49104	    0.13789
 475.49104	    0.13768
 476.49104	    0.13748
 477.49104	    0.13727
 478.49104	    0.13707
 479.49104	    0.13687
 480.49104	    0.13667
 481.49104	    0.13648
 482.49104	    0.13628
 483.49104	    0.13609
 484.49104	    0.13589
 485.49104	    0.13570
 486.49104	    0.13551
 487.49104	    0.13532
 488.49104	    0.13513
 489.49104	    0.13495
 490.49104	    0.13476
 491.49104	    0.13458
 492.49104	    0.13440
 493.49104	    0.13422
 494.49104	    0.13404
 495.49104	    0.13386
 496.49104	    0.13368
 497.49104	    0.13350
 498.49104	    0.13333
 499.49104	    0.13315
 500.49104	    0.13298
 501.49104	    0.13281
 502.49104	    0.13264
 503.49104	    0.13247
 504.49104	    0.13230
 505.49104	    0.13214
 506.49104	    0.13197
 507.49104	    0.13181
 508.49104	    0.13164
 509.49104	    0.13148
 510.49104	    0.13132
 511.49104	    0.13116
 512.49104	    0.13100
 513.49104	    0.13084
 514.49104	    0.13068
 515.49104	    0.13053
 516.49104	    0.13037
 517.49104	    0.13022
 518.49104	    0.13007
 519.49104	    0.12992
 520.49104	    0.12977
 521.49104	    0.12962
 522.49104	    0.12947
 523.49104	    0.12932
 524.49104	    0.12917
 525.49104	    0.12903
 526.49104	    0.12888
 527.49104	    0.12874
 528.49104	    0.12860
 529.49104	    0.12846
 530.49104	    0.12832
 531.49104	    0.12818
 532.49104	    0.12804
 533.49104	    0.12790
 534.49104	    0.12776
 535.49104	    0.12763
 536.49104	    0.12749
 537.49104	    0.12736
 538.49104	    0.12722
 539.49104	    0.12709
 540.49104	    0.12696
 541.49104	    0.12683
 542.49104	    0.12670
 543.49104	    0.12657
 544.49104	    0.12644
 545.49104	    0.12631
 546.49104	    0.12619
 547.49104	    0.12606
 548.49104	    0.12594
 549.49104	    0.12581
 550.49104	    0.12569
 551.49104	    0.12557
 552.49104	    0.12545
 553.49104	    0.12532
 554.49104	    0.12520
 555.49104	    0.12509
 556.49104	    0.12497
 557.49104	    0.12485
 558.49104	    0.12473
 559.49104	    0.12462
 560.49104	    0.12450
 561.49104	    0.12439
 562.49104	    0.12427
 563.49104	    0.12416
 564.49104	    0.12405
 565.49104	    0.12394
 566.49104	    0.12382
 567.49104	    0.12371
 568.49104	    0.12361
 569.49104	    0.12350
 570.49104	    0.12339
 571.49104	    0.12328
 572.49104	    0.12317
 573.49104	    0.12307
 574.49104	    0.12296
 575.49104	    0.12286
 576.49104	    0.12275
 577.49104	    0.12265
 578.49104	    0.12255
 579.49104	    0.12245
 580.49104	    0.12235
 581.49104	    0.12224
 582.49104	    0.12214
 583.49104	    0.12205
 584.49104	    0.12195
 585.49104	    0.12185
 586.49104	    0.12175
 587.49104	    0.12165
 588.49104	    0.12156
 589.49104	    0.12146
 590.49104	    0.12137
 591.49104	    0.12127
 592.49104	    0.12118
 593.49104	    0.12109
 594.49104	    0.12099
 595.49104	    0.12090
 596.49104	    0.12081
 597.49104	    0.12072
 598.49104	    0.12063
 599.49104	    0.12054
 600.49104	    0.12045
 601.49104	    0.12036
 602.49104	    0.12027
 603.49104	    0.12019
 604.49104	    0.12010
 605.49104	    0.12001
 606.49104	    0.11993
 607.49104	    0.11984
 608.49104	    0.11976
 609.49104	    0.11967
 610.49104	    0.11959
 611.49104	    0.11951
 612.49104	    0.11943
 613.49104	    0.11934
 614.49104	    0.11926
 615.49104	    0.11918
 616.49104	    0.11910
 617.49104	    0.11902
 618.49104	    0.11894
 619.49104	    0.11886
 620.49104	    0.11878
 621.49104	    0.11871
 622.49104	    0.11863
 623.49104	    0.11855
 624.49104	    0.11847
 625.49104	    0.11840
 626.49104	    0.11832
 627.49104	    0.11825
 628.49104	    0.11817
 629.49104	    0.11810
 630.49104	    0.11802
 631.49104	    0.11795
 632.49104	    0.11788
 633.49104	    0.11781
 634.49104	    0.11773
 635.49104	    0.11766
 636.49104	    0.11759
 637.49104	    0.11752
 638.49104	    0.11745
 639.49104	    0.11738
 640.49104	    0.11731
 641.49104	    0.11724
 642.49104	    0.11717
 643.49104	    0.11711
 644.49104	    0.11704
 645.49104	    0.11697
 646.49104	    0.11691
 647.49104	    0.11684
 648.49104	    0.11677
 649.49104	    0.11671
 650.49104	    0.11664
 651.49104	    0.11658
 652.49104	    0.11651
 653.49104	    0.11645
 654.49104	    0.11639
 655.49104	    0.11632
 656.49104	    0.11626
 657.49104	    0.11620
 658.49104	    0.11614
 659.49104	    0.11607
 660.49104	    0.11601
 661.49104	    0.11595
 662.49104	    0.11589
 663.49104	    0.11583
 664.49104	    0.11577
 665.49104	    0.11571
 666.49104	    0.11565
 667.49104	    0.11560
 668.49104	    0.11554
 669.49104	    0.11548
 670.49104	    0.11542
 671.49104	    0.11536
 672.49104	    0.11531
 673.49104	    0.11525
 674.49104	    0.11519
 675.49104	    0.11514
 676.49104	    0.11508
 677.49104	    0.11503
 678.49104	    0.11497
 679.49104	    0.11492
 680.49104	    0.11486
 681.49104	    0.11481
 682.49104	    0.11476
 683.49104	    0.11470
 684.49104	    0.11465
 685.49104	    0.11460
 686.49104	    0.11455
 687.49104	    0.11449
 688.49104	    0.11444
 689.49104	    0.11439
 690.49104	    0.11434
 691.49104	    0.11429
 692.49104	    0.11424
 693.49104	    0.11419
 694.49104	    0.11414
 695.49104	    0.11409
 696.49104	    0.11404
 697.49104	    0.11399
 698.49104	    0.11394
 699.49104	    0.11390
 700.49104	    0.11385
 701.49104	    0.11380
 702.49104	    0.11375
 703.49104	    0.11371
 704.49104	    0.11366
 705.49104	    0.11361
 706.49104	    0.11357
 707.49104	    0.11352
 708.49104	    0.11347
 709.49104	    0.11343
 710.49104	    0.11338
 711.49104	    0.11334
 712.49104	    0.11329
 713.49104	    0.11325
 714.49104	    0.11321
 715.49104	    0.11316
 716.49104	    0.11312
 717.49104	    0.11307
 718.49104	    0.11303
 719.49104	    0.11299
 720.49104	    0.11295
 721.49104	    0.11290
 722.49104	    0.11286
 723.49104	    0.11282
 724.49104	    0.11278
 725.49104	    0.11274
 726.49104	    0.11270
 727.49104	    0.11266
 728.49104	    0.11261
 729.49104	    0.11257
 730.49104	    0.11253
 731.49104	    0.11249
 732.49104	    0.11245
 733.49104	    0.11242
 734.49104	    0.11238
 735.49104	    0.11234
 736.49104	    0.11230
 737.49104	    0.11226
 738.49104	    0.11222
 739.49104	    0.11218
 740.49104	    0.11215
 741.49104	    0.11211
 742.49104	    0.11207
 743.49104	    0.11203
 744.49104	    0.11200
 745.49104	    0.11196
 746.49104	    0.11192
 747.49104	    0.11189
 748.49104	    0.11185
 749.49104	    0.11182
 750.49104	    0.11178
 751.49104	    0.11175
 752.49104	    0.11171
 753.49104	    0.11168
 754.49104	    0.11164
 755.49104	    0.11161
 756.49104	    0.11157
 757.49104	    0.11154
 758.49104	    0.11150
 759.49104	    0.11147
 760.49104	    0.11144
 761.49104	    0.11140
 762.49104	    0.11137
 763.49104	    0.11134
 764.49104	    0.11130
 765.49104	    0.11127
 766.49104	    0.11124
 767.49104	    0.11121
 768.49104	    0.11117
 769.49104	    0.11114
 770.49104	    0.11111
 771.49104	    0.11108
 772.49104	    0.11105
 773.49104	    0.11102
 774.49104	    0.11099
 775.49104	    0.11096
 776.49104	    0.11093
 777.49104	    0.11089
 778.49104	    0.11086
 779.49104	    0.11083
 780.49104	    0.11080
 781.49104	    0.11077
 782.49104	    0.11075
 783.49104	    0.11072
 784.49104	    0.11069
 785.49104	    0.11066
 786.49104	    0.11063
 787.49104	    0.11060
 788.49104	    0.11057
 789.49104	    0.11054
 790.49104	    0.11052
 791.49104	    0.11049
 792.49104	    0.11046
 793.49104	    0.11043
 794.49104	    0.11040
 795.49104	    0.11038
 796.49104	    0.11035
 797.49104	    0.11032
 798.49104	    0.11030
 799.49104	    0.11027
 800.49104	    0.11024
 801.49104	    0.11022
 802.49104	    0.11019
 803.49104	    0.11016
 804.49104	    0.11014
 805.49104	    0.11011
 806.49104	    0.11009
 807.49104	    0.11006
 808.49104	    0.11004
 809.49104	    0.11001
 810.49104	    0.10999
 811.49104	    0.10996
 812.49104	    0.10994
 813.49104	    0.10991
 814.49104	    0.10989
 815.49104	    0.10986
 816.49104	    0.10984
 817.49104	    0.10981
 818.49104	    0.10979
 819.49104	    0.10977
 820.49104	    0.10974
 821.49104	    0.10972
 822.49104	    0.10970
 823.49104	    0.10967
 824.49104	    0.10965
 825.49104	    0.10963
 826.49104	    0.10960
 827.49104	    0.10958
 828.49104	    0.10956
 829.49104	    0.10954
 830.49104	    0.10951
 831.49104	    0.10949
 832.49104	    0.10947
 833.49104	    0.10945
 834.49104	    0.10942
 835.49104	    0.10940
 836.49104	    0.10938
 837.49104	    0.10936
 838.49104	    0.10934
 839.49104	    0.10932
 840.49104	    0.10930
 841.49104	    0.10928
 842.49104	    0.10925
 843.49104	    0.10923
 844.49104	    0.10921
 845.49104	    0.10919
 846.49104	    0.10917
 847.49104	    0.10915
 848.49104	    0.10913
 849.49104	    0.10911
 850.49104	    0.10909
 851.49104	    0.10907
 852.49104	    0.10905
 853.49104	    0.10903
 854.49104	    0.10901
 855.49104	    0.10899
 856.49104	    0.10897
 857.49104	    0.10896
 858.49104	    0.10894
 859.49104	    0.10892
 860.49104	    0.10890
 861.49104	    0.10888
 862.49104	    0.10886
 863.49104	    0.10884
 864.49104	    0.10882
 865.49104	    0.10881
 866.49104	    0.10879
 867.49104	    0.10877
 868.49104	    0.10875
 869.49104	    0.10873
 870.49104	    0.10872
 871.49104	    0.10870
 872.49104	    0.10868
 873.49104	    0.10866
 874.49104	    0.10865
 875.49104	    0.10863
 876.49104	    0.10861
 877.49104	    0.10859
 878.49104	    0.10858
 879.49104	    0.10856
 880.49104	    0.10854
 881.49104	    0.10853
 882.49104	    0.10851
 883.49104	    0.10849
 884.49104	    0.10848
 885.49104	    0.10846
 886.49104	    0.10844
 887.49104	    0.10843
 888.49104	    0.10841
 889.49104	    0.10840
 890.49104	    0.10838
 891.49104	    0.10836
 892.49104	    0.10835
 893.49104	    0.10833
 894.49104	    0.10832
 895.49104	    0.10830
 896.49104	    0.10829
 897.49104	    0.10827
 898.49104	    0.10826
 899.49104	    0.10824
 900.49104	    0.10823
 901.49104	    0.10821
 902.49104	    0.10820
 903.49104	    0.10818
 904.49104	    0.10817
 905.49104	    0.10815
 906.49104	    0.10814
 907.49104	    0.10812
 908.49104	    0.10811
 909.49104	    0.10809
 910.49104	    0.10808
 911.49104	    0.10807
 912.49104	    0.10805
 913.49104	    0.10804
 914.49104	    0.10802
 915.49104	    0.10801
 916.49104	    0.10800
 917.49104	    0.10798
 918.49104	    0.10797
 919.49104	    0.10796
 920.49104	    0.10794
 921.49104	    0.10793
 922.49104	    0.10792
 923.49104	    0.10790
 924.49104	    0.10789
 925.49104	    0.10788
 926.49104	    0.10786
 927.49104	    0.10785
 928.49104	    0.10784
 929.49104	    0.10782
 930.49104	    0.10781
 931.49104	    0.10780
 932.49104	    0.10779
 933.49104	    0.10777
 934.49104	    0.10776
 935.49104	    0.10775
 936.49104	    0.10774
 937.49104	    0.10772
 938.49104	    0.10771
 939.49104	    0.10770
 940.49104	    0.10769
 941.49104	    0.10768
 942.49104	    0.10766
 943.49104	    0.10765
 944.49104	    0.10764
 945.49104	    0.10763
 946.49104	    0.10762
 947.49104	    0.10761
 948.49104	    0.10759
 949.49104	    0.10758
 950.49104	    0.10757
 951.49104	    0.10756
 952.49104	    0.10755
 953.49104	    0.10754
 954.49104	    0.10753
 955.49104	    0.10752
 956.49104	    0.10750
 957.49104	    0.10749
 958.49104	    0.10748
 959.49104	    0.10747
 960.49104	    0.10746
 961.49104	    0.10745
 962.49104	    0.10744
 963.49104	    0.10743
 964.49104	    0.10742
 965.49104	    0.10741
 966.49104	    0.10740
 967.49104	    0.10739
 968.49104	    0.10738
 969.49104	    0.10737
 970.49104	    0.10736
 971.49104	    0.10735
 972.49104	    0.10734
 973.49104	    0.10733
 974.49104	    0.10732
 975.49104	    0.10731
 976.49104	    0.10730
 977.49104	    0.10729
 978.49104	    0.10728
 979.49104	    0.10727
 980.49104	    0.10726
 981.49104	    0.10725
 982.49104	    0.10724
 983.49104	    0.10723
 984.49104	    0.10722
 985.49104	    0.10721
 986.49104	    0.10720
 987.49104	    0.10719
 988.49104	    0.10718
 989.49104	    0.10717
 990.49104	    0.10716
 991.49104	    0.10715
 992.49104	    0.10714
 993.49104	    0.10714
 994.49104	    0.10713
 995.49104	    0.10712
 996.49104	    0.10711
 997.49104	    0.10710
 998.49104	    0.10709
 999.49104	    0.10708
 999.64373	    0.10708
 999.79641	    0.10708
 999.94910	    0.10708
 999.96730	    0.10708
 999.98550	    0.10708
 999.99259	    0.10708
 999.99687	    0.10708
1000.00000	    0.10708
